{
    "asset": {
        "generator": "COLLADA2GLTF",
        "version": "2.0"
    },
    "scenes": [
        {
            "nodes": [
                0
            ]
        }
    ],
    "scene": 0,
    "nodes": [
        {
            "children": [
                1
            ],
            "matrix": [
                1.0,
                0.0,
                0.0,
                0.0,
                0.0,
                0.0,
                -1.0,
                0.0,
                0.0,
                1.0,
                0.0,
                0.0,
                0.0,
                0.0,
                0.0,
                1.0
            ],
            "name": "Z_UP"
        },
        {
            "children": [
                3,
                40,
                39,
                36,
                35,
                34,
                33,
                30,
                29,
                2
            ],
            "name": "Robot_Armature"
        },
        {
            "mesh": 0,
            "skin": 0,
            "name": "Robot_Mesh"
        },
        {
            "children": [
                27,
                6,
                4
            ],
            "translation": [
                -0.002086455002427101,
                0.004468233790248632,
                0.649347186088562
            ],
            "rotation": [
                -0.7071067094802856,
                -0.0,
                -0.0,
                -0.7071068286895752
            ],
            "name": "Body"
        },
        {
            "children": [
                5
            ],
            "matrix": [
                0.9999632835388184,
                -0.0038071537856012584,
                0.007674291729927063,
                0.0,
                -0.004238198976963759,
                -0.9983674883842468,
                0.0569583997130394,
                0.0,
                0.007444560993462801,
                -0.05698882788419724,
                -0.9983496069908142,
                0.0,
                0.105703204870224,
                -0.01973556913435459,
                -0.009773129597306252,
                1.0
            ],
            "name": "Leg.Upper.L"
        },
        {
            "matrix": [
                0.9999157190322876,
                -0.012954889796674252,
                -0.0006687900167889893,
                0.0,
                0.012961460277438164,
                0.9956703186035156,
                0.09204617142677309,
                0.0,
                -0.000526554009411484,
                -0.0920470803976059,
                0.9957544207572936,
                0.0,
                0.0,
                0.2498148083686829,
                -9.313230187046884e-10,
                1.0
            ],
            "name": "Leg.Lower.L"
        },
        {
            "children": [
                7
            ],
            "translation": [
                0.0,
                0.13470950722694398,
                0.0
            ],
            "rotation": [
                -1.202965052016225e-7,
                -0.0,
                -0.0,
                -1.0
            ],
            "name": "Body.Joint"
        },
        {
            "children": [
                24,
                23,
                17,
                14,
                8
            ],
            "translation": [
                0.0,
                0.11167550086975098,
                0.0
            ],
            "rotation": [
                -8.369505644090224e-10,
                -7.645679644951997e-9,
                0.001128666801378131,
                -0.9999993443489076
            ],
            "scale": [
                0.9999999403953552,
                0.9999999403953552,
                1.0
            ],
            "name": "Body.Upper"
        },
        {
            "children": [
                9
            ],
            "matrix": [
                -0.9999974370002748,
                -0.00225723790936172,
                -0.0000021234200175968,
                0.0,
                0.002249286975711584,
                -0.9963822960853576,
                -0.08495485037565232,
                0.0,
                0.0001903439988382161,
                -0.08495683968067169,
                0.9963976144790648,
                0.0,
                0.24263770878314973,
                0.2564761936664582,
                0.00446820305660367,
                1.0
            ],
            "name": "Arm.Chain.1.L"
        },
        {
            "children": [
                10
            ],
            "matrix": [
                0.9999999403953552,
                -8.925270122972506e-8,
                3.128980097244494e-7,
                0.0,
                8.21016001850694e-8,
                0.9997405409812928,
                0.022780409082770349,
                0.0,
                -3.148500127281295e-7,
                -0.022780409082770349,
                0.9997404217720032,
                0.0,
                0.0,
                0.10245969891548156,
                -5.5879398885849708e-9,
                1.0
            ],
            "name": "Arm.Chain.2.L"
        },
        {
            "children": [
                11
            ],
            "matrix": [
                1.0,
                -0.000002456690026519937,
                0.00008872090256772935,
                0.0,
                -3.096240064337508e-8,
                0.9996070861816406,
                0.02802824974060059,
                0.0,
                -0.00008875490311766043,
                -0.02802824974060059,
                0.9996070861816406,
                0.0,
                -2.98022992950564e-8,
                0.10260649770498276,
                1.8626500342122655e-9,
                1.0
            ],
            "name": "Arm.Chain.3.L"
        },
        {
            "children": [
                12
            ],
            "translation": [
                -2.98022992950564e-8,
                0.10336679965257645,
                -1.8626500342122655e-9
            ],
            "rotation": [
                -0.01812557876110077,
                0.0003326121368445456,
                0.000007692074177612085,
                -0.9998356699943544
            ],
            "scale": [
                1.0,
                0.9999998211860656,
                0.9999998807907105
            ],
            "name": "Arm.Chain.4.L"
        },
        {
            "children": [
                13
            ],
            "translation": [
                1.4901200273698124e-8,
                0.10128070414066316,
                -3.725289854372704e-9
            ],
            "rotation": [
                -0.025083960965275769,
                -0.00042483117431402206,
                0.000008154608622135129,
                -0.9996852278709412
            ],
            "scale": [
                0.9999999403953552,
                0.9999999403953552,
                1.0
            ],
            "name": "Arm.Chain.5.L"
        },
        {
            "translation": [
                0.0,
                0.10243219882249832,
                9.313230187046884e-10
            ],
            "rotation": [
                -0.03821096196770668,
                0.0004670243361033499,
                0.000014081238077778837,
                -0.9992696046829224
            ],
            "scale": [
                1.0,
                0.9999999403953552,
                1.0
            ],
            "name": "Arm.Chain.6.L"
        },
        {
            "children": [
                15
            ],
            "matrix": [
                0.9999995827674866,
                -0.0008692589472047985,
                -9.87202000146681e-8,
                0.0,
                -0.0008674300042912364,
                -0.997892200946808,
                -0.06488946080207825,
                0.0,
                0.00005642510222969577,
                0.06488944590091706,
                -0.9978969097137452,
                0.0,
                0.2435993999242783,
                0.25647830963134768,
                0.004468257073312998,
                1.0
            ],
            "name": "Arm.Upper.L"
        },
        {
            "children": [
                16
            ],
            "matrix": [
                0.9999951124191284,
                -0.003120000008493662,
                0.0002029019960900769,
                0.0,
                0.0031198898795992138,
                0.9915016293525696,
                -0.13005630671977998,
                0.0,
                0.00020459799270611256,
                0.1300562024116516,
                0.9915066361427308,
                0.0,
                2.98022992950564e-8,
                0.3082168996334076,
                0.0,
                1.0
            ],
            "name": "Arm.Lower.L"
        },
        {
            "matrix": [
                0.9999999403953552,
                -1.0249999737865779e-9,
                4.690580146515798e-10,
                0.0,
                9.921019561431875e-10,
                0.9978561401367188,
                0.06544426083564758,
                0.0,
                -5.351509790862963e-10,
                -0.06544428318738938,
                0.9978561997413636,
                0.0,
                0.0,
                0.30560171604156496,
                3.0729399025375416e-9,
                1.0
            ],
            "name": "Arm.Hand.L"
        },
        {
            "children": [
                18
            ],
            "matrix": [
                -0.9999974966049194,
                -0.002257382962852717,
                -1.4901200273698124e-8,
                0.0,
                0.0022492539137601858,
                -0.9963824152946472,
                -0.08495467156171799,
                0.0,
                0.0001924669923027977,
                -0.08495664596557617,
                0.9963977932929992,
                0.0,
                -0.2396202087402344,
                0.2553875148296356,
                0.004468194674700499,
                1.0
            ],
            "name": "Arm.Chain.1.R"
        },
        {
            "children": [
                19
            ],
            "translation": [
                -1.4901200273698124e-8,
                0.1024613007903099,
                9.313230187046884e-10
            ],
            "rotation": [
                -0.011391078121960165,
                -3.8868591900609327e-8,
                4.815877119312973e-8,
                -0.9999351501464844
            ],
            "scale": [
                0.9999999403953552,
                1.000000238418579,
                1.0
            ],
            "name": "Arm.Chain.2.R"
        },
        {
            "children": [
                20
            ],
            "matrix": [
                1.0,
                0.000002396549916738877,
                -0.00008609909855294973,
                0.0,
                1.7597399093460809e-8,
                0.9996070861816406,
                0.02802824974060059,
                0.0,
                0.00008613240061094984,
                -0.02802824974060059,
                0.9996070861816406,
                0.0,
                1.4901200273698124e-8,
                0.10260599851608277,
                8.381899618825628e-9,
                1.0
            ],
            "name": "Arm.Chain.3.R"
        },
        {
            "children": [
                21
            ],
            "matrix": [
                0.9999998211860656,
                0.00002745640085777268,
                -0.000667458982206881,
                0.0,
                -0.000003246269898227183,
                0.9993429780006408,
                0.03624514862895012,
                0.0,
                0.0006680149817839265,
                -0.03624514117836952,
                0.9993427395820618,
                0.0,
                1.4901200273698124e-8,
                0.10336670279502869,
                3.725289854372704e-9,
                1.0
            ],
            "name": "Arm.Chain.4.R"
        },
        {
            "children": [
                22
            ],
            "translation": [
                0.0,
                0.10128030180931092,
                0.0
            ],
            "rotation": [
                -0.025083938613533978,
                0.0004247121687512845,
                -0.000008169530701707118,
                -0.9996852278709412
            ],
            "scale": [
                0.9999999403953552,
                1.0,
                0.9999998807907105
            ],
            "name": "Arm.Chain.5.R"
        },
        {
            "translation": [
                0.0,
                0.10243169963359832,
                -1.8626500342122655e-9
            ],
            "rotation": [
                -0.03838302940130234,
                -0.000467101257527247,
                -0.000014248627849156036,
                -0.9992629885673524
            ],
            "scale": [
                1.0,
                0.9999998807907105,
                1.0
            ],
            "name": "Arm.Chain.6.R"
        },
        {
            "translation": [
                0.0013046769890934229,
                0.3463303148746491,
                0.004468186758458614
            ],
            "rotation": [
                6.789529294337626e-8,
                7.72218022859761e-9,
                -0.001128666801378131,
                -0.9999993443489076
            ],
            "name": "Head"
        },
        {
            "children": [
                25
            ],
            "matrix": [
                0.999985694885254,
                0.005383818875998259,
                0.0000014007099480295438,
                0.0,
                0.005372536834329367,
                -0.9978780150413512,
                -0.06488948315382004,
                0.0,
                -0.0003487319918349385,
                0.06488855183124542,
                -0.9978970885276794,
                0.0,
                -0.24058189988136292,
                0.2553853988647461,
                0.004468248691409826,
                1.0
            ],
            "name": "Arm.Upper.R"
        },
        {
            "children": [
                26
            ],
            "matrix": [
                0.9999951124191284,
                0.003119895001873374,
                -0.0002029269962804392,
                0.0,
                -0.003119787899777293,
                0.9915016889572144,
                -0.1300562024116516,
                0.0,
                -0.00020455899357330057,
                0.1300562024116516,
                0.9915066361427308,
                0.0,
                -1.4901200273698124e-8,
                0.30821681022644045,
                -1.8626500342122655e-9,
                1.0
            ],
            "name": "Arm.Lower.R"
        },
        {
            "translation": [
                1.4901200273698124e-8,
                0.3056018054485321,
                2.1441300124269703e-10
            ],
            "rotation": [
                -0.03273965045809746,
                -1.5799843655628366e-9,
                -2.171091395553049e-8,
                -0.9994639754295348
            ],
            "scale": [
                1.0,
                1.0,
                1.0000001192092896
            ],
            "name": "Arm.Hand.R"
        },
        {
            "children": [
                28
            ],
            "matrix": [
                0.999992609024048,
                0.0038556100334972145,
                -8.493660175190598e-7,
                0.0,
                0.003849378786981106,
                -0.9983664155006408,
                0.05700727924704552,
                0.0,
                0.0002192999963881448,
                -0.0570068508386612,
                -0.9983764290809633,
                0.0,
                -0.1015302985906601,
                -0.01973556913435459,
                -0.009773129597306252,
                1.0
            ],
            "name": "Leg.Upper.R"
        },
        {
            "matrix": [
                0.999915897846222,
                0.012953439727425576,
                0.0006686389679089189,
                0.0,
                -0.012959999963641169,
                0.9956716895103456,
                0.09203296899795532,
                0.0,
                0.0005263980128802359,
                -0.09203389286994934,
                0.9957557916641237,
                0.0,
                -7.450579708745408e-9,
                0.2498147040605545,
                -7.858029782426e-10,
                1.0
            ],
            "name": "Leg.Lower.R"
        },
        {
            "matrix": [
                0.9999924898147584,
                0.0,
                -0.003855369985103607,
                0.0,
                0.0,
                -1.0,
                0.0,
                0.0,
                -0.003855369985103607,
                0.0,
                -0.9999924898147584,
                0.0,
                0.10265509784221648,
                -0.23182089626789097,
                0.3802050054073334,
                1.0
            ],
            "name": "Leg.Knee_IK.L"
        },
        {
            "children": [
                31
            ],
            "translation": [
                0.10542459785938265,
                0.010681119747459889,
                0.0
            ],
            "rotation": [
                0.9999980926513672,
                9.373192222383864e-10,
                -4.768361350215855e-7,
                -0.0019657015800476076
            ],
            "name": "Leg.Platform.L"
        },
        {
            "children": [
                32
            ],
            "matrix": [
                -0.04758149012923241,
                -0.6367195248603821,
                0.7696260809898377,
                0.0,
                -6.25848997515277e-7,
                -0.7704988121986389,
                -0.6374415159225464,
                0.0,
                0.9988669753074646,
                -0.030330659821629525,
                0.03666124120354653,
                0.0,
                0.0,
                0.09192609786987305,
                2.9103800966434613e-11,
                1.0
            ],
            "name": "Leg.Platform.L.001"
        },
        {
            "matrix": [
                0.7685120105743408,
                -0.6397404074668884,
                -0.01102702971547842,
                0.0,
                0.6397402882575989,
                0.7679868340492249,
                0.030474800616502767,
                0.0,
                -0.011027339845895768,
                -0.03047469072043896,
                0.9994747042655944,
                0.0,
                -5.122269719493033e-9,
                0.11969649791717528,
                0.0,
                1.0
            ],
            "name": "Leg.IK.L"
        },
        {
            "matrix": [
                1.0,
                0.0,
                0.0,
                0.0,
                0.0,
                1.0,
                0.0,
                0.0,
                0.0,
                0.0,
                1.0,
                0.0,
                0.24112950265407566,
                0.08703930675983429,
                0.8440942168235779,
                1.0
            ],
            "name": "Arm.Elbow.IK.L"
        },
        {
            "matrix": [
                -5.205490083426412e-7,
                0.0,
                -0.9999999403953552,
                0.0,
                0.0,
                0.9999998211860656,
                0.0,
                0.0,
                0.9999999403953552,
                0.0,
                -5.205490083426412e-7,
                0.0,
                0.24112950265407566,
                5.638629829718411e-8,
                0.5391477346420288,
                1.0
            ],
            "name": "Arm.Hand.IK.L"
        },
        {
            "matrix": [
                0.9999924898147584,
                0.0,
                0.003855369985103607,
                0.0,
                0.0,
                -1.0,
                0.0,
                0.0,
                0.003855369985103607,
                0.0,
                -0.9999924898147584,
                0.0,
                -0.10265509784221648,
                -0.23182089626789097,
                0.3802050054073334,
                1.0
            ],
            "name": "Leg.Knee_IK.R"
        },
        {
            "children": [
                37
            ],
            "translation": [
                -0.10542459785938265,
                0.010681119747459889,
                0.0
            ],
            "rotation": [
                0.9999980926513672,
                -9.373192222383864e-10,
                4.768361350215855e-7,
                -0.0019657015800476076
            ],
            "name": "Leg.Platform.R"
        },
        {
            "children": [
                38
            ],
            "matrix": [
                -0.04758149012923241,
                0.6367195248603821,
                -0.7696260809898377,
                0.0,
                6.25848997515277e-7,
                -0.7704988121986389,
                -0.6374415159225464,
                0.0,
                -0.9988669753074646,
                -0.030330659821629525,
                0.03666124120354653,
                0.0,
                0.0,
                0.09192609786987305,
                2.9103800966434613e-11,
                1.0
            ],
            "name": "Leg.Platform.R.001"
        },
        {
            "matrix": [
                0.7685120105743408,
                0.6397404074668884,
                0.01102702971547842,
                0.0,
                -0.6397402882575989,
                0.7679868340492249,
                0.030474800616502767,
                0.0,
                0.011027339845895768,
                -0.03047469072043896,
                0.9994747042655944,
                0.0,
                5.122269719493033e-9,
                0.11969649791717528,
                0.0,
                1.0
            ],
            "name": "Leg.IK.R"
        },
        {
            "matrix": [
                1.0,
                0.0,
                0.0,
                0.0,
                0.0,
                1.0,
                0.0,
                0.0,
                0.0,
                0.0,
                1.0,
                0.0,
                -0.24112950265407566,
                0.08703930675983429,
                0.8440942168235779,
                1.0
            ],
            "name": "Arm.Elbow.IK.R"
        },
        {
            "matrix": [
                -5.205490083426412e-7,
                0.0,
                0.9999999403953552,
                0.0,
                0.0,
                0.9999998211860656,
                0.0,
                0.0,
                -0.9999999403953552,
                0.0,
                -5.205490083426412e-7,
                0.0,
                -0.24112950265407566,
                5.638629829718411e-8,
                0.5391477346420288,
                1.0
            ],
            "name": "Arm.Hand.IK.R"
        }
    ],
    "meshes": [
        {
            "primitives": [
                {
                    "attributes": {
                        "JOINTS_0": 1,
                        "NORMAL": 2,
                        "POSITION": 3,
                        "TEXCOORD_0": 4,
                        "WEIGHTS_0": 5
                    },
                    "indices": 0,
                    "mode": 4,
                    "material": 0
                }
            ],
            "name": "Robot_Mesh"
        }
    ],
    "animations": [
        {
            "channels": [
                {
                    "sampler": 0,
                    "target": {
                        "node": 3,
                        "path": "translation"
                    }
                },
                {
                    "sampler": 1,
                    "target": {
                        "node": 3,
                        "path": "rotation"
                    }
                },
                {
                    "sampler": 2,
                    "target": {
                        "node": 3,
                        "path": "scale"
                    }
                },
                {
                    "sampler": 3,
                    "target": {
                        "node": 6,
                        "path": "translation"
                    }
                },
                {
                    "sampler": 4,
                    "target": {
                        "node": 6,
                        "path": "rotation"
                    }
                },
                {
                    "sampler": 5,
                    "target": {
                        "node": 6,
                        "path": "scale"
                    }
                },
                {
                    "sampler": 6,
                    "target": {
                        "node": 7,
                        "path": "translation"
                    }
                },
                {
                    "sampler": 7,
                    "target": {
                        "node": 7,
                        "path": "rotation"
                    }
                },
                {
                    "sampler": 8,
                    "target": {
                        "node": 7,
                        "path": "scale"
                    }
                },
                {
                    "sampler": 9,
                    "target": {
                        "node": 26,
                        "path": "translation"
                    }
                },
                {
                    "sampler": 10,
                    "target": {
                        "node": 26,
                        "path": "rotation"
                    }
                },
                {
                    "sampler": 11,
                    "target": {
                        "node": 26,
                        "path": "scale"
                    }
                },
                {
                    "sampler": 12,
                    "target": {
                        "node": 23,
                        "path": "translation"
                    }
                },
                {
                    "sampler": 13,
                    "target": {
                        "node": 23,
                        "path": "rotation"
                    }
                },
                {
                    "sampler": 14,
                    "target": {
                        "node": 23,
                        "path": "scale"
                    }
                },
                {
                    "sampler": 15,
                    "target": {
                        "node": 18,
                        "path": "translation"
                    }
                },
                {
                    "sampler": 16,
                    "target": {
                        "node": 18,
                        "path": "rotation"
                    }
                },
                {
                    "sampler": 17,
                    "target": {
                        "node": 18,
                        "path": "scale"
                    }
                },
                {
                    "sampler": 18,
                    "target": {
                        "node": 21,
                        "path": "translation"
                    }
                },
                {
                    "sampler": 19,
                    "target": {
                        "node": 21,
                        "path": "rotation"
                    }
                },
                {
                    "sampler": 20,
                    "target": {
                        "node": 21,
                        "path": "scale"
                    }
                },
                {
                    "sampler": 21,
                    "target": {
                        "node": 22,
                        "path": "translation"
                    }
                },
                {
                    "sampler": 22,
                    "target": {
                        "node": 22,
                        "path": "rotation"
                    }
                },
                {
                    "sampler": 23,
                    "target": {
                        "node": 22,
                        "path": "scale"
                    }
                },
                {
                    "sampler": 24,
                    "target": {
                        "node": 11,
                        "path": "translation"
                    }
                },
                {
                    "sampler": 25,
                    "target": {
                        "node": 11,
                        "path": "rotation"
                    }
                },
                {
                    "sampler": 26,
                    "target": {
                        "node": 11,
                        "path": "scale"
                    }
                },
                {
                    "sampler": 27,
                    "target": {
                        "node": 12,
                        "path": "translation"
                    }
                },
                {
                    "sampler": 28,
                    "target": {
                        "node": 12,
                        "path": "rotation"
                    }
                },
                {
                    "sampler": 29,
                    "target": {
                        "node": 12,
                        "path": "scale"
                    }
                },
                {
                    "sampler": 30,
                    "target": {
                        "node": 13,
                        "path": "translation"
                    }
                },
                {
                    "sampler": 31,
                    "target": {
                        "node": 13,
                        "path": "rotation"
                    }
                },
                {
                    "sampler": 32,
                    "target": {
                        "node": 13,
                        "path": "scale"
                    }
                },
                {
                    "sampler": 33,
                    "target": {
                        "node": 36,
                        "path": "translation"
                    }
                },
                {
                    "sampler": 34,
                    "target": {
                        "node": 36,
                        "path": "rotation"
                    }
                },
                {
                    "sampler": 35,
                    "target": {
                        "node": 36,
                        "path": "scale"
                    }
                },
                {
                    "sampler": 36,
                    "target": {
                        "node": 30,
                        "path": "translation"
                    }
                },
                {
                    "sampler": 37,
                    "target": {
                        "node": 30,
                        "path": "rotation"
                    }
                },
                {
                    "sampler": 38,
                    "target": {
                        "node": 30,
                        "path": "scale"
                    }
                }
            ],
            "samplers": [
                {
                    "input": 6,
                    "interpolation": "LINEAR",
                    "output": 7
                },
                {
                    "input": 6,
                    "interpolation": "LINEAR",
                    "output": 8
                },
                {
                    "input": 6,
                    "interpolation": "LINEAR",
                    "output": 9
                },
                {
                    "input": 10,
                    "interpolation": "LINEAR",
                    "output": 11
                },
                {
                    "input": 10,
                    "interpolation": "LINEAR",
                    "output": 12
                },
                {
                    "input": 10,
                    "interpolation": "LINEAR",
                    "output": 13
                },
                {
                    "input": 14,
                    "interpolation": "LINEAR",
                    "output": 15
                },
                {
                    "input": 14,
                    "interpolation": "LINEAR",
                    "output": 16
                },
                {
                    "input": 14,
                    "interpolation": "LINEAR",
                    "output": 17
                },
                {
                    "input": 18,
                    "interpolation": "LINEAR",
                    "output": 19
                },
                {
                    "input": 18,
                    "interpolation": "LINEAR",
                    "output": 20
                },
                {
                    "input": 18,
                    "interpolation": "LINEAR",
                    "output": 21
                },
                {
                    "input": 22,
                    "interpolation": "LINEAR",
                    "output": 23
                },
                {
                    "input": 22,
                    "interpolation": "LINEAR",
                    "output": 24
                },
                {
                    "input": 22,
                    "interpolation": "LINEAR",
                    "output": 25
                },
                {
                    "input": 26,
                    "interpolation": "LINEAR",
                    "output": 27
                },
                {
                    "input": 26,
                    "interpolation": "LINEAR",
                    "output": 28
                },
                {
                    "input": 26,
                    "interpolation": "LINEAR",
                    "output": 29
                },
                {
                    "input": 30,
                    "interpolation": "LINEAR",
                    "output": 31
                },
                {
                    "input": 30,
                    "interpolation": "LINEAR",
                    "output": 32
                },
                {
                    "input": 30,
                    "interpolation": "LINEAR",
                    "output": 33
                },
                {
                    "input": 34,
                    "interpolation": "LINEAR",
                    "output": 35
                },
                {
                    "input": 34,
                    "interpolation": "LINEAR",
                    "output": 36
                },
                {
                    "input": 34,
                    "interpolation": "LINEAR",
                    "output": 37
                },
                {
                    "input": 38,
                    "interpolation": "LINEAR",
                    "output": 39
                },
                {
                    "input": 38,
                    "interpolation": "LINEAR",
                    "output": 40
                },
                {
                    "input": 38,
                    "interpolation": "LINEAR",
                    "output": 41
                },
                {
                    "input": 42,
                    "interpolation": "LINEAR",
                    "output": 43
                },
                {
                    "input": 42,
                    "interpolation": "LINEAR",
                    "output": 44
                },
                {
                    "input": 42,
                    "interpolation": "LINEAR",
                    "output": 45
                },
                {
                    "input": 46,
                    "interpolation": "LINEAR",
                    "output": 47
                },
                {
                    "input": 46,
                    "interpolation": "LINEAR",
                    "output": 48
                },
                {
                    "input": 46,
                    "interpolation": "LINEAR",
                    "output": 49
                },
                {
                    "input": 50,
                    "interpolation": "LINEAR",
                    "output": 51
                },
                {
                    "input": 50,
                    "interpolation": "LINEAR",
                    "output": 52
                },
                {
                    "input": 50,
                    "interpolation": "LINEAR",
                    "output": 53
                },
                {
                    "input": 54,
                    "interpolation": "LINEAR",
                    "output": 55
                },
                {
                    "input": 54,
                    "interpolation": "LINEAR",
                    "output": 56
                },
                {
                    "input": 54,
                    "interpolation": "LINEAR",
                    "output": 57
                }
            ]
        }
    ],
    "skins": [
        {
            "inverseBindMatrices": 58,
            "skeleton": 3,
            "joints": [
                23,
                3,
                14,
                15,
                24,
                25,
                27,
                28,
                4,
                5,
                7,
                6,
                26,
                17,
                18,
                19,
                20,
                21,
                22,
                16,
                8,
                9,
                10,
                11,
                12,
                13,
                40,
                39,
                36,
                37,
                38,
                35,
                34,
                33,
                30,
                31,
                32,
                29
            ],
            "name": "Robot_Armature"
        }
    ],
    "accessors": [
        {
            "bufferView": 0,
            "byteOffset": 0,
            "componentType": 5123,
            "count": 798,
            "max": [
                495
            ],
            "min": [
                0
            ],
            "type": "SCALAR"
        },
        {
            "bufferView": 1,
            "byteOffset": 0,
            "componentType": 5123,
            "count": 496,
            "max": [
                35,
                35,
                23,
                22
            ],
            "min": [
                0,
                0,
                0,
                0
            ],
            "type": "VEC4"
        },
        {
            "bufferView": 2,
            "byteOffset": 0,
            "componentType": 5126,
            "count": 496,
            "max": [
                1.0,
                1.0,
                1.0
            ],
            "min": [
                -1.0,
                -1.0,
                -1.0
